
Days              : 0
Hours             : 15
Minutes           : 6
Seconds           : 27
Milliseconds      : 182
Ticks             : 543871825446
TotalDays         : 0.629481279451389
TotalHours        : 15.1075507068333
TotalMinutes      : 906.45304241
TotalSeconds      : 54387.1825446
TotalMilliseconds : 54387182.5446


